i1:
  j_xyz: 0.0 0.0 1.0
  j_rpy: 0.0 -0.0 0.0
  l_xyz: 0 0 -0.5
  l_rpy: 0 0 0
  l_len: 1.0
i3:
  j_xyz: 0.0 -0.999999998927 4.632679488e-05
  j_rpy: 0.785398162861 -1.57073081081 0.785398162861
  l_xyz: 0 0 -0.5
  l_rpy: 0 0 0
  l_len: 1.0
i2:
  j_xyz: 0.0 -0.999999998927 4.632679488e-05
  j_rpy: 0.785398162861 -1.57073081081 0.785398162861
  l_xyz: 0 0 -0.5
  l_rpy: 0 0 0
  l_len: 1.0
